neh:
26984
16 226 134 44 309 12 316 137 272 245 339 406 230 262 171 150 485 109 412 106 377 396 47 246 225
287 158 447 283 486 376 360 346 453 187 306 219 436 274 111 375 244 155 250 201 114 277 415 249 148
389 168 386 366 363 56 256 43 130 25 85 4 189 410 136 487 381 332 251 311 13 390 122 278 96
378 439 204 152 394 48 45 11 127 304 482 266 365 321 29 455 74 55 221 388 308 131 116 313 31
323 170 320 438 6 142 416 434 113 465 227 446 407 238 192 188 66 380 181 213 374 194 333 233 317
454 33 175 395 211 39 288 214 125 54 291 91 423 135 191 1 22 270 220 379 215 497 172 405 81
451 28 68 392 19 128 247 399 176 297 452 10 334 143 335 314 495 67 404 422 490 296 279 5 290
35 177 470 252 237 408 223 325 217 2 75 421 474 59 242 166 466 46 202 341 129 90 42 197 141
63 108 218 294 76 373 8 92 183 153 38 149 207 463 337 271 302 52 198 77 253 362 60 285 382
331 276 195 425 165 364 273 328 340 151 458 401 489 498 289 154 36 57 30 169 301 299 483 499 236
147 398 353 426 49 475 205 265 427 371 484 409 21 391 200 37 65 89 400 461 435 298 347 449 193
269 88 138 98 358 232 64 119 185 481 20 354 234 445 343 97 70 162 174 281 163 428 385 359 307
383 161 469 7 243 494 295 216 319 471 448 275 450 444 267 132 235 27 117 23 82 104 432 110 120
430 286 443 318 80 324 280 336 330 500 254 83 17 480 18 157 173 133 123 101 156 58 329 93 384
300 403 345 196 367 478 180 293 102 344 209 160 493 355 491 124 179 78 164 145 418 231 199 126 282
356 224 79 349 9 203 303 95 228 94 492 99 457 350 467 159 393 178 348 41 100 72 372 140 34
53 260 442 118 268 419 424 222 259 488 61 258 51 239 417 361 40 456 139 210 496 87 305 368 472
144 263 73 322 206 369 190 86 464 255 284 103 420 312 240 468 429 440 32 402 3 315 184 352 248
257 411 462 121 69 264 473 14 292 212 477 186 397 459 71 357 326 167 476 310 24 437 431 261 414
112 62 338 182 327 441 342 50 115 413 351 107 146 370 105 433 479 84 208 26 229 15 241 460 387

